2.225562744140625000e+03 9.335997924804687500e+02
2.224325439453125000e+03 5.507937622070312500e+02
2.224017822265625000e+03 8.953242797851562500e+02
1.530036254882812500e+03 8.954102172851562500e+02
1.534623168945312500e+03 6.253474121093750000e+02
2.221589843750000000e+03 8.877144165039062500e+02
2.221589843750000000e+03 8.877144165039062500e+02
2.220429931640625000e+03 9.332617187500000000e+02
2.220162597656250000e+03 5.799672241210937500e+02
2.217512207031250000e+03 6.925703125000000000e+02
2.216669433593750000e+03 4.887334594726562500e+02
2.215162109375000000e+03 9.004546508789062500e+02
2.215162109375000000e+03 9.004546508789062500e+02
2.215055664062500000e+03 9.401727905273437500e+02
1.536854614257812500e+03 8.799730834960937500e+02
2.213595458984375000e+03 5.549906616210937500e+02
2.213457275390625000e+03 5.822763671875000000e+02
2.212122070312500000e+03 6.956630859375000000e+02
2.212122070312500000e+03 6.956630859375000000e+02
2.209822265625000000e+03 4.815495910644531250e+02
2.209610107421875000e+03 9.099001464843750000e+02
1.538260498046875000e+03 8.951845703125000000e+02
2.207794189453125000e+03 9.050385742187500000e+02
2.204310058593750000e+03 9.193329467773437500e+02
2.204154785156250000e+03 9.081605224609375000e+02
1.524768676757812500e+03 9.558149414062500000e+02
2.201766601562500000e+03 9.045009155273437500e+02
2.201118652343750000e+03 9.469163208007812500e+02
2.200650390625000000e+03 9.238131103515625000e+02
2.200053222656250000e+03 9.485729980468750000e+02
1.522977172851562500e+03 7.906597900390625000e+02
1.522977172851562500e+03 7.906597900390625000e+02
1.522809936523437500e+03 8.816608886718750000e+02
1.522809936523437500e+03 8.816608886718750000e+02
1.540989379882812500e+03 9.478280029296875000e+02
2.197985351562500000e+03 9.154143066406250000e+02
1.520578979492187500e+03 9.685587158203125000e+02
2.231994140625000000e+03 6.706335449218750000e+02
2.191577148437500000e+03 9.569165649414062500e+02
1.543269165039062500e+03 9.288625488281250000e+02
2.233608154296875000e+03 9.261687622070312500e+02
1.519360229492187500e+03 9.600373535156250000e+02
2.188044189453125000e+03 9.631296997070312500e+02
2.187681884765625000e+03 9.566291503906250000e+02
1.545280761718750000e+03 7.523661499023437500e+02
1.516174682617187500e+03 8.946998291015625000e+02
1.547251464843750000e+03 8.812741699218750000e+02
2.181144042968750000e+03 9.181768188476562500e+02
2.180987060546875000e+03 5.871586303710937500e+02
2.180964843750000000e+03 9.602264404296875000e+02
2.179708740234375000e+03 9.571665649414062500e+02
2.177338378906250000e+03 9.701254272460937500e+02
2.177025390625000000e+03 9.419564819335937500e+02
2.234316650390625000e+03 9.215818481445312500e+02
2.176368408203125000e+03 8.859323120117187500e+02
2.176356201171875000e+03 9.315274047851562500e+02
2.176356201171875000e+03 9.315274047851562500e+02
2.175490478515625000e+03 8.912631835937500000e+02
2.175490478515625000e+03 8.912631835937500000e+02
2.175396972656250000e+03 8.815087890625000000e+02
2.171906494140625000e+03 9.291591186523437500e+02
2.170955078125000000e+03 9.714211425781250000e+02
2.170088134765625000e+03 9.673112792968750000e+02
2.170088134765625000e+03 9.673112792968750000e+02
2.169958007812500000e+03 8.815587158203125000e+02
2.169924560546875000e+03 9.042601318359375000e+02
2.168949218750000000e+03 9.473077392578125000e+02
1.510254638671875000e+03 9.746516723632812500e+02
2.167956542968750000e+03 8.912816162109375000e+02
2.167344482421875000e+03 8.860301513671875000e+02
2.166618164062500000e+03 8.956345825195312500e+02
2.675715087890625000e+03 6.280749511718750000e+02
2.676637207031250000e+03 6.383955078125000000e+02
2.163398437500000000e+03 9.393535766601562500e+02
2.161723632812500000e+03 9.523764648437500000e+02
1.553790771484375000e+03 5.402716674804687500e+02
2.159146972656250000e+03 8.924024658203125000e+02
2.158564208984375000e+03 9.297901611328125000e+02
2.156941162109375000e+03 9.502869873046875000e+02
2.156941162109375000e+03 9.502869873046875000e+02
2.685445556640625000e+03 5.985371093750000000e+02
1.505808715820312500e+03 6.358909912109375000e+02
1.505808715820312500e+03 6.358909912109375000e+02
2.155231933593750000e+03 9.468792724609375000e+02
2.155220214843750000e+03 9.393236694335937500e+02
2.153501708984375000e+03 9.148909912109375000e+02
2.153501708984375000e+03 9.148909912109375000e+02
1.504026123046875000e+03 9.793920898437500000e+02
2.151234130859375000e+03 9.076248779296875000e+02
2.150992675781250000e+03 9.504473266601562500e+02
2.150072021484375000e+03 9.368770141601562500e+02
2.150072021484375000e+03 9.368770141601562500e+02
2.149992919921875000e+03 9.466143798828125000e+02
2.149740234375000000e+03 9.764563598632812500e+02
2.149149902343750000e+03 9.585843505859375000e+02
2.148774658203125000e+03 9.402891845703125000e+02
1.501113159179687500e+03 8.244348144531250000e+02
1.501113159179687500e+03 8.244348144531250000e+02
1.501091430664062500e+03 9.757988891601562500e+02
2.146062744140625000e+03 9.045583496093750000e+02
2.145274414062500000e+03 9.513953857421875000e+02
2.145274414062500000e+03 9.513953857421875000e+02
2.142472900390625000e+03 9.129993286132812500e+02
2.142423339843750000e+03 9.646333007812500000e+02
2.142423339843750000e+03 9.646333007812500000e+02
2.142024169921875000e+03 9.554447021484375000e+02
2.140921142578125000e+03 9.072840576171875000e+02
1.731584548950195312e+01 5.870921020507812500e+02
1.731584548950195312e+01 5.870921020507812500e+02
2.140144287109375000e+03 7.012246093750000000e+02
2.140144287109375000e+03 7.012246093750000000e+02
2.139917724609375000e+03 9.489406127929687500e+02
1.560829711914062500e+03 9.347854003906250000e+02
2.138797363281250000e+03 9.243406372070312500e+02
2.138389648437500000e+03 7.213066406250000000e+02
2.138389648437500000e+03 7.213066406250000000e+02
2.138388427734375000e+03 9.837589721679687500e+02
2.138387939453125000e+03 9.943715820312500000e+02
2.135835693359375000e+03 5.696225585937500000e+02
1.562166381835937500e+03 9.280890502929687500e+02
2.134502197265625000e+03 9.974376831054687500e+02
2.130763183593750000e+03 9.722127685546875000e+02
2.130763183593750000e+03 9.722127685546875000e+02
2.712641357421875000e+03 6.068308105468750000e+02
1.563700561523437500e+03 6.394915771484375000e+02
2.128835205078125000e+03 9.565554199218750000e+02
1.495702270507812500e+03 9.195438232421875000e+02
1.495702270507812500e+03 9.195438232421875000e+02
2.128282958984375000e+03 9.686172485351562500e+02
1.495626098632812500e+03 9.691087646484375000e+02
1.495626098632812500e+03 9.691087646484375000e+02
2.128282958984375000e+03 9.686172485351562500e+02
2.127127929687500000e+03 9.168027954101562500e+02
2.125548095703125000e+03 9.598840332031250000e+02
2.124585937500000000e+03 9.251378784179687500e+02
2.124585937500000000e+03 9.251378784179687500e+02
2.121061279296875000e+03 9.650733032226562500e+02
2.719568603515625000e+03 5.992340698242187500e+02
1.493229858398437500e+03 9.772143554687500000e+02
1.493229858398437500e+03 9.772143554687500000e+02
1.493229858398437500e+03 9.772143554687500000e+02
2.719568603515625000e+03 5.992340698242187500e+02
2.120717773437500000e+03 9.291081542968750000e+02
2.119177490234375000e+03 9.682910766601562500e+02
2.116567626953125000e+03 9.804874267578125000e+02
2.114632324218750000e+03 9.373824462890625000e+02
2.114632324218750000e+03 9.373824462890625000e+02
2.112666992187500000e+03 9.678970947265625000e+02
2.111882080078125000e+03 7.137042236328125000e+02
2.111611816406250000e+03 9.790373535156250000e+02
2.110695068359375000e+03 9.289260253906250000e+02
1.568591918945312500e+03 8.625109863281250000e+02
2.109225830078125000e+03 9.714041137695312500e+02
1.491161499023437500e+03 9.001350097656250000e+02
2.108910888671875000e+03 9.756143798828125000e+02
2.108910888671875000e+03 9.756143798828125000e+02
2.107948974609375000e+03 9.809877929687500000e+02
2.106056884765625000e+03 5.855968017578125000e+02
1.569111206054687500e+03 6.898027954101562500e+02
2.103414550781250000e+03 9.770856933593750000e+02
1.569111206054687500e+03 6.898027954101562500e+02
2.101342529296875000e+03 9.723924560546875000e+02
2.101342529296875000e+03 9.723924560546875000e+02
2.101144287109375000e+03 7.187205810546875000e+02
2.100479248046875000e+03 6.622096557617187500e+02
2.098576904296875000e+03 9.747766723632812500e+02
1.488976196289062500e+03 9.822769775390625000e+02
2.093544189453125000e+03 6.749943237304687500e+02
1.570894165039062500e+03 5.628413085937500000e+02
2.247424804687500000e+03 9.159495849609375000e+02
1.570894165039062500e+03 5.628413085937500000e+02
2.088399902343750000e+03 9.572827148437500000e+02
2.088399902343750000e+03 9.572827148437500000e+02
2.087803222656250000e+03 6.728968505859375000e+02
2.087507324218750000e+03 7.325711059570312500e+02
2.082597656250000000e+03 9.537535400390625000e+02
2.082597656250000000e+03 9.537535400390625000e+02
2.081777832031250000e+03 1.030141113281250000e+03
2.081247314453125000e+03 9.607418212890625000e+02
1.485845092773437500e+03 9.696017456054687500e+02
2.079242919921875000e+03 7.337727050781250000e+02
1.485294067382812500e+03 9.756671752929687500e+02
1.572642089843750000e+03 6.367149047851562500e+02
2.077797607421875000e+03 1.030827758789062500e+03
2.077797607421875000e+03 1.030827758789062500e+03
2.077797607421875000e+03 1.030827758789062500e+03
2.073142578125000000e+03 6.650639648437500000e+02
2.072035156250000000e+03 5.996840209960937500e+02
1.575300903320312500e+03 7.802151489257812500e+02
2.065950683593750000e+03 6.788569946289062500e+02
2.065064941406250000e+03 1.034012573242187500e+03
2.252514404296875000e+03 6.161594238281250000e+02
1.576051269531250000e+03 6.331503906250000000e+02
1.576051269531250000e+03 6.331503906250000000e+02
2.064301513671875000e+03 1.017828857421875000e+03
2.064017822265625000e+03 9.496931152343750000e+02
2.064017822265625000e+03 9.496931152343750000e+02
1.480872558593750000e+03 9.805424194335937500e+02
2.063708251953125000e+03 1.039934692382812500e+03
2.063377441406250000e+03 1.042969238281250000e+03
1.479588867187500000e+03 8.747143554687500000e+02
2.055297363281250000e+03 1.023820190429687500e+03
2.054904785156250000e+03 1.010437133789062500e+03
2.054479736328125000e+03 1.046267333984375000e+03
2.054282470703125000e+03 1.018058837890625000e+03
2.052234863281250000e+03 6.916990966796875000e+02
1.476761352539062500e+03 9.940726928710937500e+02
1.476184326171875000e+03 9.245086059570312500e+02
2.049057617187500000e+03 1.049139892578125000e+03
2.046932128906250000e+03 1.028638793945312500e+03
1.475393310546875000e+03 8.280515136718750000e+02
1.475393310546875000e+03 8.280515136718750000e+02
2.044895385742187500e+03 1.010713073730468750e+03
2.044895385742187500e+03 1.010713073730468750e+03
2.043888549804687500e+03 1.054922607421875000e+03
2.789438476562500000e+03 6.262088012695312500e+02
2.714350280761718750e+02 6.208084106445312500e+02
1.473946166992187500e+03 8.279782714843750000e+02
2.258061035156250000e+03 5.696318969726562500e+02
2.040727294921875000e+03 1.013790161132812500e+03
2.036336547851562500e+03 1.035991333007812500e+03
1.583873046875000000e+03 9.240805053710937500e+02
2.032800048828125000e+03 1.003341674804687500e+03
2.030324096679687500e+03 1.036448852539062500e+03
2.029920410156250000e+03 1.020436035156250000e+03
2.029920410156250000e+03 1.020436035156250000e+03
2.028961791992187500e+03 9.955696411132812500e+02
2.827273193359375000e+03 5.906049194335937500e+02
2.027778320312500000e+03 1.064004150390625000e+03
1.470243774414062500e+03 9.218750000000000000e+02
1.470243774414062500e+03 9.218750000000000000e+02
2.026933715820312500e+03 1.061729614257812500e+03
2.026897216796875000e+03 1.013845886230468750e+03
2.026372680664062500e+03 7.151062622070312500e+02
1.469475952148437500e+03 9.105493164062500000e+02
1.469475952148437500e+03 9.105493164062500000e+02
2.025322875976562500e+03 1.018351196289062500e+03
1.468793457031250000e+03 8.448616943359375000e+02
2.022223266601562500e+03 9.878118286132812500e+02
2.022223266601562500e+03 9.878118286132812500e+02
2.021658203125000000e+03 1.040267333984375000e+03
2.021367187500000000e+03 1.045463134765625000e+03
2.019889892578125000e+03 9.988942260742187500e+02
1.590312500000000000e+03 8.670194091796875000e+02
2.017179809570312500e+03 7.525453491210937500e+02
2.017179809570312500e+03 7.525453491210937500e+02
2.016932128906250000e+03 1.021462829589843750e+03
2.014916259765625000e+03 9.861065063476562500e+02
2.014916259765625000e+03 9.861065063476562500e+02
1.466659667968750000e+03 9.997543334960937500e+02
2.008422363281250000e+03 1.030700927734375000e+03
1.464809936523437500e+03 9.188060302734375000e+02
2.003511962890625000e+03 1.013085388183593750e+03
1.593832397460937500e+03 9.103858642578125000e+02
2.263344726562500000e+03 5.985900268554687500e+02
3.065110107421875000e+03 1.267933593750000000e+03
2.000203002929687500e+03 1.037998168945312500e+03
1.462591064453125000e+03 9.249580078125000000e+02
1.996345581054687500e+03 1.087214599609375000e+03
1.991631958007812500e+03 1.004869567871093750e+03
1.991392822265625000e+03 1.014080566406250000e+03
1.988402587890625000e+03 1.081679321289062500e+03
1.987634521484375000e+03 1.084593383789062500e+03
1.987427001953125000e+03 1.087607177734375000e+03
1.984591064453125000e+03 9.989086914062500000e+02
1.984591064453125000e+03 9.989086914062500000e+02
1.983930908203125000e+03 1.066347290039062500e+03
1.598250122070312500e+03 8.522072143554687500e+02
1.981809082031250000e+03 1.096453247070312500e+03
1.458607177734375000e+03 1.232334472656250000e+03
1.976385864257812500e+03 1.070194824218750000e+03
1.976260864257812500e+03 1.053387695312500000e+03
1.976260864257812500e+03 1.053387695312500000e+03
1.974715332031250000e+03 6.097662353515625000e+02
2.268498779296875000e+03 5.909335327148437500e+02
1.973189208984375000e+03 1.061729370117187500e+03
1.970211669921875000e+03 1.102613159179687500e+03
2.270249267578125000e+03 5.570698242187500000e+02
1.456332885742187500e+03 9.926606445312500000e+02
1.967922241210937500e+03 1.076798950195312500e+03
1.601498779296875000e+03 7.265440063476562500e+02
1.966193603515625000e+03 7.350425415039062500e+02
1.965369995117187500e+03 3.606873779296875000e+02
1.965179321289062500e+03 1.100920166015625000e+03
1.454981079101562500e+03 1.207786743164062500e+03
1.454981079101562500e+03 1.207786743164062500e+03
1.961765502929687500e+03 1.062290405273437500e+03
1.960722900390625000e+03 3.625079650878906250e+02
1.960353393554687500e+03 1.104509765625000000e+03
1.958941772460937500e+03 1.111649291992187500e+03
1.957550292968750000e+03 1.031930664062500000e+03
1.956779296875000000e+03 1.019385864257812500e+03
1.956779296875000000e+03 1.019385864257812500e+03
1.955168334960937500e+03 1.108473022460937500e+03
1.955168334960937500e+03 1.108473022460937500e+03
1.954528930664062500e+03 1.115547241210937500e+03
1.954528930664062500e+03 1.115547241210937500e+03
1.951241943359375000e+03 1.049656494140625000e+03
1.452339599609375000e+03 6.536071166992187500e+02
1.950621459960937500e+03 1.045843017578125000e+03
1.950489501953125000e+03 3.632707214355468750e+02
1.950489501953125000e+03 3.632707214355468750e+02
1.949382690429687500e+03 1.112622192382812500e+03
1.946486206054687500e+03 1.108794555664062500e+03
1.450986450195312500e+03 6.464083862304687500e+02
1.450986450195312500e+03 6.464083862304687500e+02
2.273062500000000000e+03 5.678803100585937500e+02
2.273062500000000000e+03 5.678803100585937500e+02
1.942871215820312500e+03 1.113867675781250000e+03
1.450213989257812500e+03 9.861240844726562500e+02
1.608738037109375000e+03 7.736268920898437500e+02
2.273745605468750000e+03 4.634794616699218750e+02
2.273761474609375000e+03 5.962655029296875000e+02
1.449333129882812500e+03 8.264863281250000000e+02
1.449333129882812500e+03 8.264863281250000000e+02
1.937209350585937500e+03 1.278797241210937500e+03
1.448687133789062500e+03 9.445858764648437500e+02
1.933139404296875000e+03 1.081122436523437500e+03
1.932028930664062500e+03 1.082220092773437500e+03
1.924308593750000000e+03 1.052405883789062500e+03
1.063730102539062500e+03 9.633649291992187500e+02
1.063730102539062500e+03 9.633649291992187500e+02
1.917516113281250000e+03 5.839613647460937500e+02
1.612606079101562500e+03 9.039943237304687500e+02
4.483560562133789062e+01 6.569892578125000000e+02
4.483560562133789062e+01 6.569892578125000000e+02
1.612606079101562500e+03 9.039943237304687500e+02
1.446210937500000000e+03 6.445125732421875000e+02
1.612926757812500000e+03 7.663900146484375000e+02
1.612926757812500000e+03 7.663900146484375000e+02
1.065328979492187500e+03 9.483546752929687500e+02
1.915894409179687500e+03 3.728233337402343750e+02
1.911850952148437500e+03 1.047458251953125000e+03
1.614844238281250000e+03 8.435705566406250000e+02
1.903939208984375000e+03 1.057087280273437500e+03
1.903939208984375000e+03 1.057087280273437500e+03
1.895367187500000000e+03 1.070095703125000000e+03
1.895367187500000000e+03 1.070095703125000000e+03
1.891428466796875000e+03 5.702933349609375000e+02
2.024624633789062500e+02 5.189022216796875000e+02
1.890610107421875000e+03 1.063369873046875000e+03
1.885176391601562500e+03 1.152363159179687500e+03
1.884979125976562500e+03 1.159960693359375000e+03
1.884145507812500000e+03 1.155965087890625000e+03
1.878417236328125000e+03 1.157973999023437500e+03
1.115320068359375000e+03 9.923142089843750000e+02
1.873269775390625000e+03 1.161510498046875000e+03
1.621525756835937500e+03 7.677202758789062500e+02
1.863852294921875000e+03 1.142371459960937500e+03
1.437970947265625000e+03 9.299054565429687500e+02
1.862553955078125000e+03 1.171522094726562500e+03
1.859662353515625000e+03 6.360610351562500000e+02
1.622807739257812500e+03 9.021054687500000000e+02
1.436644653320312500e+03 8.515240478515625000e+02
1.856555175781250000e+03 1.178973510742187500e+03
1.852832519531250000e+03 1.174994018554687500e+03
1.435803833007812500e+03 9.950810546875000000e+02
1.435803833007812500e+03 9.950810546875000000e+02
1.852225708007812500e+03 1.178290283203125000e+03
1.625118774414062500e+03 8.284932250976562500e+02
1.625118774414062500e+03 8.284932250976562500e+02
1.846479003906250000e+03 1.178035034179687500e+03
1.843806274414062500e+03 1.128739135742187500e+03
1.843470703125000000e+03 1.176301025390625000e+03
1.843470703125000000e+03 1.176301025390625000e+03
3.622111572265625000e+03 6.391887664794921875e+01
1.842763061523437500e+03 1.187609497070312500e+03
1.161719238281250000e+03 7.638272094726562500e+02
2.432615966796875000e+03 9.939876708984375000e+02
1.161719238281250000e+03 7.638272094726562500e+02
1.838115112304687500e+03 1.190907226562500000e+03
1.837580444335937500e+03 1.187037963867187500e+03
1.432848999023437500e+03 6.623206176757812500e+02
1.835829101562500000e+03 1.159807495117187500e+03
1.835379882812500000e+03 1.113476318359375000e+03
1.835379882812500000e+03 1.113476318359375000e+03
1.834976440429687500e+03 1.181578369140625000e+03
1.172234863281250000e+03 1.010346191406250000e+03
1.833871215820312500e+03 1.190877563476562500e+03
1.833871215820312500e+03 1.190877563476562500e+03
1.833713012695312500e+03 1.187435180664062500e+03
1.833115600585937500e+03 1.194024536132812500e+03
1.178307128906250000e+03 7.710881958007812500e+02
1.830031250000000000e+03 1.184489624023437500e+03
1.830031250000000000e+03 1.184489624023437500e+03
1.828948730468750000e+03 1.191057495117187500e+03
1.827414672851562500e+03 1.196437988281250000e+03
1.827414672851562500e+03 1.196437988281250000e+03
1.429237670898437500e+03 6.555000000000000000e+02
1.428811889648437500e+03 6.502670898437500000e+02
1.428610717773437500e+03 9.547069091796875000e+02
1.428610717773437500e+03 9.547069091796875000e+02
1.185736083984375000e+03 7.116389770507812500e+02
1.824172851562500000e+03 1.147009277343750000e+03
1.823770019531250000e+03 1.151863159179687500e+03
1.823743652343750000e+03 1.192673583984375000e+03
1.189783569335937500e+03 7.808247070312500000e+02
1.823351562500000000e+03 1.106128540039062500e+03
1.823098144531250000e+03 1.196789916992187500e+03
1.822853759765625000e+03 1.109835815429687500e+03
1.427192993164062500e+03 9.340224609375000000e+02
1.427192993164062500e+03 9.340224609375000000e+02
1.192222045898437500e+03 7.429521484375000000e+02
5.438171768188476562e+01 6.815308837890625000e+02
1.193005004882812500e+03 9.755108032226562500e+02
1.426858154296875000e+03 8.714192504882812500e+02
1.633894287109375000e+03 8.284776611328125000e+02
1.820027954101562500e+03 6.346709594726562500e+02
1.819666992187500000e+03 6.479842529296875000e+02
1.426526489257812500e+03 6.658390502929687500e+02
1.819660156250000000e+03 1.141647827148437500e+03
1.818645141601562500e+03 1.109667114257812500e+03
1.818001220703125000e+03 1.205041015625000000e+03
1.813487304687500000e+03 6.601127319335937500e+02
1.812369262695312500e+03 1.337017578125000000e+03
1.207356079101562500e+03 7.566054077148437500e+02
1.810216186523437500e+03 1.128489624023437500e+03
1.809919433593750000e+03 1.116336059570312500e+03
1.808983642578125000e+03 1.121400390625000000e+03
1.423941284179687500e+03 8.239548339843750000e+02
1.212741821289062500e+03 7.585200195312500000e+02
1.212741821289062500e+03 7.585200195312500000e+02
1.805360839843750000e+03 1.204392700195312500e+03
1.218113769531250000e+03 7.659037475585937500e+02
1.218810302734375000e+03 1.005623168945312500e+03
1.219813842773437500e+03 7.200122070312500000e+02
1.639862426757812500e+03 9.027744750976562500e+02
1.219813842773437500e+03 7.200122070312500000e+02
1.802799926757812500e+03 1.178804077148437500e+03
1.640873168945312500e+03 8.803579711914062500e+02
1.802295166015625000e+03 1.185699096679687500e+03
1.802221679687500000e+03 1.210991577148437500e+03
1.802064697265625000e+03 1.121452758789062500e+03
1.801509765625000000e+03 5.257926025390625000e+02
1.641381713867187500e+03 8.340339355468750000e+02
1.225259155273437500e+03 7.544909057617187500e+02
1.225259155273437500e+03 7.544909057617187500e+02
1.642372558593750000e+03 8.284638671875000000e+02
1.798372680664062500e+03 4.146875305175781250e+02
1.798372680664062500e+03 4.146875305175781250e+02
1.227699707031250000e+03 7.576820068359375000e+02
1.231055175781250000e+03 7.454337768554687500e+02
1.231537963867187500e+03 6.996344604492187500e+02
1.232063598632812500e+03 7.601458129882812500e+02
1.793533203125000000e+03 1.132652954101562500e+03
1.647418701171875000e+03 8.747830200195312500e+02
1.414876708984375000e+03 6.567030029296875000e+02
1.237798461914062500e+03 7.555938110351562500e+02
1.792440673828125000e+03 5.271083984375000000e+02
1.414566284179687500e+03 9.423035888671875000e+02
1.789622192382812500e+03 1.185187500000000000e+03
1.789579589843750000e+03 1.193600952148437500e+03
1.789579589843750000e+03 1.193600952148437500e+03
1.788333007812500000e+03 8.191096801757812500e+02
1.787430664062500000e+03 1.220752929687500000e+03
1.786058105468750000e+03 1.143957885742187500e+03
1.652376831054687500e+03 8.893168334960937500e+02
1.785752563476562500e+03 1.131804931640625000e+03
1.653250732421875000e+03 8.339832763671875000e+02
1.653250732421875000e+03 8.339832763671875000e+02
1.410286621093750000e+03 8.752266845703125000e+02
1.410286621093750000e+03 8.752266845703125000e+02
1.783514648437500000e+03 1.170428710937500000e+03
1.253988037109375000e+03 7.449839477539062500e+02
1.253988037109375000e+03 7.449839477539062500e+02
1.782479858398437500e+03 8.096901855468750000e+02
1.781541748046875000e+03 8.055492553710937500e+02
2.309991943359375000e+03 4.827043762207031250e+02
1.779216674804687500e+03 8.195857543945312500e+02
1.407763305664062500e+03 6.653887329101562500e+02
1.656696533203125000e+03 8.245247192382812500e+02
1.262980712890625000e+03 7.319498291015625000e+02
1.777248779296875000e+03 1.192932006835937500e+03
1.777248779296875000e+03 1.192932006835937500e+03
1.776866210937500000e+03 8.092327880859375000e+02
1.776838134765625000e+03 1.227921875000000000e+03
6.377095794677734375e+01 7.055505371093750000e+02
1.776838134765625000e+03 1.227921875000000000e+03
1.776176635742187500e+03 1.231526855468750000e+03
1.405264038085937500e+03 6.725933837890625000e+02
1.405264038085937500e+03 6.725933837890625000e+02
1.661109985351562500e+03 8.877682495117187500e+02
1.661109985351562500e+03 8.877682495117187500e+02
1.266455078125000000e+03 7.293179931640625000e+02
1.775061889648437500e+03 1.142360717773437500e+03
1.404370239257812500e+03 6.199880371093750000e+02
1.773577148437500000e+03 1.202384887695312500e+03
1.270807739257812500e+03 7.374772949218750000e+02
1.771786865234375000e+03 1.151821899414062500e+03
1.273083862304687500e+03 6.979272460937500000e+02
1.273083862304687500e+03 6.979272460937500000e+02
1.273576049804687500e+03 6.818593139648437500e+02
1.770849243164062500e+03 1.234964843750000000e+03
1.399827392578125000e+03 6.117751464843750000e+02
1.768903320312500000e+03 1.142791992187500000e+03
1.399070068359375000e+03 6.729488525390625000e+02
1.768271972656250000e+03 1.147966796875000000e+03
1.277497192382812500e+03 6.688814086914062500e+02
1.767682617187500000e+03 1.181743164062500000e+03
1.667072875976562500e+03 6.915928344726562500e+02
1.767664672851562500e+03 1.137254882812500000e+03
1.397879760742187500e+03 9.502115478515625000e+02
1.767664672851562500e+03 1.137254882812500000e+03
1.766702758789062500e+03 1.231214111328125000e+03
1.278945800781250000e+03 7.245597534179687500e+02
1.766536865234375000e+03 1.161631469726562500e+03
1.766536865234375000e+03 1.161631469726562500e+03
1.766404541015625000e+03 1.235118530273437500e+03
1.397099975585937500e+03 1.178659423828125000e+03
1.765497070312500000e+03 1.238385131835937500e+03
1.765318847656250000e+03 1.195247924804687500e+03
1.765318847656250000e+03 1.195247924804687500e+03
1.669684448242187500e+03 8.852686157226562500e+02
1.764459350585937500e+03 4.703176269531250000e+02
1.671597045898437500e+03 8.155856933593750000e+02
1.761845214843750000e+03 1.206171142578125000e+03
1.671597045898437500e+03 8.155856933593750000e+02
1.761845214843750000e+03 1.206171142578125000e+03
1.761636596679687500e+03 1.138136596679687500e+03
1.760462280273437500e+03 1.213391967773437500e+03
1.672387329101562500e+03 8.226234130859375000e+02
1.760006958007812500e+03 1.242202148437500000e+03
1.759798706054687500e+03 1.154263305664062500e+03
1.759798706054687500e+03 1.154263305664062500e+03
1.290001220703125000e+03 1.191317260742187500e+03
1.758160888671875000e+03 4.773939208984375000e+02
1.391248291015625000e+03 1.282203491210937500e+03
1.390905761718750000e+03 1.281516479492187500e+03
1.293506103515625000e+03 1.087564575195312500e+03
1.390506103515625000e+03 6.753673095703125000e+02
1.753509765625000000e+03 4.664229736328125000e+02
1.752805053710937500e+03 1.166188476562500000e+03
1.752258300781250000e+03 4.792591857910156250e+02
1.750173706054687500e+03 5.290899658203125000e+02
1.750101196289062500e+03 1.165739135742187500e+03
1.749674560546875000e+03 4.671300048828125000e+02
1.388509887695312500e+03 1.233821899414062500e+03
1.748951416015625000e+03 1.213209106445312500e+03
1.748951416015625000e+03 1.213209106445312500e+03
1.301521362304687500e+03 7.011052246093750000e+02
1.748633666992187500e+03 1.220783569335937500e+03
1.748633666992187500e+03 1.220783569335937500e+03
1.676113647460937500e+03 1.194546142578125000e+03
1.676113647460937500e+03 1.194546142578125000e+03
1.301726928710937500e+03 7.111528320312500000e+02
1.747005981445312500e+03 8.254150390625000000e+02
1.746840698242187500e+03 4.810380554199218750e+02
1.746696899414062500e+03 8.417261352539062500e+02
1.676551147460937500e+03 8.647271728515625000e+02
1.746696899414062500e+03 8.417261352539062500e+02
1.746388305664062500e+03 1.243267456054687500e+03
1.386729980468750000e+03 6.783643798828125000e+02
1.746388305664062500e+03 1.243267456054687500e+03
1.746164062500000000e+03 1.211542968750000000e+03
1.746043090820312500e+03 1.247146118164062500e+03
1.745936035156250000e+03 1.170854248046875000e+03
1.745461425781250000e+03 8.327490844726562500e+02
1.385259155273437500e+03 6.701182250976562500e+02
1.745461425781250000e+03 8.327490844726562500e+02
1.744926025390625000e+03 4.602006530761718750e+02
1.744670532226562500e+03 1.196541625976562500e+03
1.744670532226562500e+03 1.196541625976562500e+03
1.384076782226562500e+03 1.203003295898437500e+03
1.743144653320312500e+03 4.699042663574218750e+02
1.381677856445312500e+03 6.808030395507812500e+02
1.310846069335937500e+03 7.149125976562500000e+02
1.741832763671875000e+03 1.171519897460937500e+03
1.740872924804687500e+03 1.158313110351562500e+03
1.740719238281250000e+03 8.321984252929687500e+02
1.312545043945312500e+03 7.200828247070312500e+02
1.739799682617187500e+03 4.675623168945312500e+02
1.739315673828125000e+03 8.288750610351562500e+02
1.739315673828125000e+03 8.288750610351562500e+02
1.738923950195312500e+03 1.247356445312500000e+03
1.738125488281250000e+03 4.800896606445312500e+02
1.315824951171875000e+03 7.069721679687500000e+02
1.737551025390625000e+03 1.217681884765625000e+03
1.736272094726562500e+03 1.153805541992187500e+03
1.736272094726562500e+03 1.153805541992187500e+03
1.735639282226562500e+03 8.327443237304687500e+02
1.734912841796875000e+03 1.158097290039062500e+03
1.376756591796875000e+03 8.619476318359375000e+02
1.734089721679687500e+03 8.270645141601562500e+02
1.733800415039062500e+03 1.164712890625000000e+03
1.733308105468750000e+03 8.396448974609375000e+02
1.683815795898437500e+03 1.199873291015625000e+03
1.732965332031250000e+03 4.718547668457031250e+02
1.732936401367187500e+03 4.555925292968750000e+02
1.320541137695312500e+03 7.087528076171875000e+02
1.684182373046875000e+03 1.192118652343750000e+03
1.731166503906250000e+03 1.223573852539062500e+03
1.728812377929687500e+03 8.344483032226562500e+02
1.728748046875000000e+03 1.213042846679687500e+03
1.374408569335937500e+03 8.637939453125000000e+02
1.374408569335937500e+03 8.637939453125000000e+02
1.374087890625000000e+03 8.333831176757812500e+02
1.727491943359375000e+03 1.178156860351562500e+03
1.374087890625000000e+03 8.333831176757812500e+02
1.373440185546875000e+03 8.342282104492187500e+02
1.727417114257812500e+03 4.919939575195312500e+02
1.727239868164062500e+03 1.234785400390625000e+03
1.726949584960937500e+03 1.219524658203125000e+03
1.726949584960937500e+03 1.219524658203125000e+03
1.726373901367187500e+03 8.366657714843750000e+02
1.726243896484375000e+03 7.887849121093750000e+02
1.372118408203125000e+03 8.877301025390625000e+02
1.372118408203125000e+03 8.877301025390625000e+02
1.725507812500000000e+03 4.814914855957031250e+02
1.725507812500000000e+03 4.814914855957031250e+02
1.724743286132812500e+03 1.220771118164062500e+03
1.724743286132812500e+03 1.220771118164062500e+03
1.723114501953125000e+03 8.328291625976562500e+02
1.687942138671875000e+03 7.888848876953125000e+02
1.687942138671875000e+03 7.888848876953125000e+02
1.722173217773437500e+03 8.387870483398437500e+02
1.720018920898437500e+03 1.221546997070312500e+03
1.719220092773437500e+03 1.188032104492187500e+03
1.688580322265625000e+03 8.746761474609375000e+02
1.688580322265625000e+03 8.746761474609375000e+02
1.688593261718750000e+03 1.195849609375000000e+03
1.719220092773437500e+03 1.188032104492187500e+03
1.717915527343750000e+03 1.213480102539062500e+03
1.690011718750000000e+03 1.205798461914062500e+03
1.717756835937500000e+03 1.178690917968750000e+03
1.690011718750000000e+03 1.205798461914062500e+03
1.716400390625000000e+03 4.861694030761718750e+02
1.367909545898437500e+03 1.141878417968750000e+03
1.335983276367187500e+03 6.396083374023437500e+02
1.715614135742187500e+03 8.383082885742187500e+02
1.714709960937500000e+03 8.331066894531250000e+02
1.692990112304687500e+03 1.199687011718750000e+03
1.692990112304687500e+03 1.199687011718750000e+03
1.712803100585937500e+03 1.187856811523437500e+03
8.282238769531250000e+01 7.555286254882812500e+02
1.694658325195312500e+03 8.010892944335937500e+02
1.363698242187500000e+03 1.143648803710937500e+03
1.342379760742187500e+03 9.152423095703125000e+02
1.342379760742187500e+03 9.152423095703125000e+02
9.161531829833984375e+01 7.808681640625000000e+02
1.711985717773437500e+03 4.835774536132812500e+02
1.709936889648437500e+03 8.515596923828125000e+02
1.698072509765625000e+03 4.733428955078125000e+02
1.708589355468750000e+03 4.787576293945312500e+02
1.348802612304687500e+03 1.120096923828125000e+03
1.360061157226562500e+03 6.465833129882812500e+02
1.699793945312500000e+03 7.972029418945312500e+02
8.489770507812500000e+01 3.647698059082031250e+02
1.350925170898437500e+03 6.873602294921875000e+02
1.706876342773437500e+03 8.033051757812500000e+02
1.706522705078125000e+03 1.184160644531250000e+03
1.706466430664062500e+03 8.383187255859375000e+02
1.700866455078125000e+03 1.353115966796875000e+03
1.701431030273437500e+03 8.655057983398437500e+02
1.353189331054687500e+03 6.426622924804687500e+02
1.353189331054687500e+03 6.426622924804687500e+02
1.705697265625000000e+03 1.189365112304687500e+03
1.702260375976562500e+03 1.184745971679687500e+03
1.702554199218750000e+03 1.197804565429687500e+03
1.855874755859375000e+03 6.745238647460937500e+02
1.855874755859375000e+03 6.745238647460937500e+02
2.227937011718750000e+03 8.994619750976562500e+02
1.703475463867187500e+03 4.734238586425781250e+02
2.054808349609375000e+03 7.297355346679687500e+02
2.254180664062500000e+03 5.876563110351562500e+02
2.059201660156250000e+03 6.959616088867187500e+02
1.434310913085937500e+03 5.772405395507812500e+02
1.159422851562500000e+03 1.046154052734375000e+03
1.164512084960937500e+03 1.050906005859375000e+03
1.165094848632812500e+03 1.042921875000000000e+03
1.706797485351562500e+03 1.335461303710937500e+03
2.066590820312500000e+03 6.722497558593750000e+02
2.066590820312500000e+03 6.722497558593750000e+02
1.621677978515625000e+03 5.357826538085937500e+02
1.707237182617187500e+03 4.734833374023437500e+02
1.573810791015625000e+03 5.564023437500000000e+02
2.282932861328125000e+03 5.864053955078125000e+02
2.223352539062500000e+03 8.918395996093750000e+02
2.223030517578125000e+03 6.854620361328125000e+02
2.223030517578125000e+03 6.854620361328125000e+02
2.222035400390625000e+03 7.486962890625000000e+02
2.078745361328125000e+03 7.135855102539062500e+02
2.039901977539062500e+03 3.096831359863281250e+02
1.196730102539062500e+03 7.036210937500000000e+02
1.487646972656250000e+03 5.874044799804687500e+02
1.710916015625000000e+03 4.635384826660156250e+02
1.879816040039062500e+03 1.155658569335937500e+03
2.090368164062500000e+03 7.123947143554687500e+02
1.602054595947265625e+02 7.737684326171875000e+02
2.092052490234375000e+03 5.995638427734375000e+02
1.341814331054687500e+03 8.581606445312500000e+02
1.108461303710937500e+03 1.000763732910156250e+03
2.296973144531250000e+03 5.566530761718750000e+02
2.098230712890625000e+03 6.995962524414062500e+02
2.246233398437500000e+03 9.245699462890625000e+02
2.213700439453125000e+03 6.640274658203125000e+02
1.367742675781250000e+03 1.219711425781250000e+03
1.367742675781250000e+03 1.219711425781250000e+03
2.052734527587890625e+02 5.229537963867187500e+02
1.590594482421875000e+03 6.136163940429687500e+02
1.590594482421875000e+03 6.136163940429687500e+02
1.242974975585937500e+03 7.543347778320312500e+02
2.229413818359375000e+03 5.717604370117187500e+02
1.248678710937500000e+03 1.133957763671875000e+03
1.784011596679687500e+03 5.507987670898437500e+02
1.082003784179687500e+03 8.728724975585937500e+02
1.498046020507812500e+03 9.725606689453125000e+02
1.256015380859375000e+03 1.146990112304687500e+03
2.137920410156250000e+03 5.417898559570312500e+02
2.011843872070312500e+03 1.398054565429687500e+03
3.254507446289062500e+02 7.261619873046875000e+02
1.269304565429687500e+03 6.690427246093750000e+02
2.502611328125000000e+03 8.749104003906250000e+02
1.272490356445312500e+03 1.106388793945312500e+03
1.770699707031250000e+03 4.733235168457031250e+02
1.919429443359375000e+03 1.071447998046875000e+03
1.768676513671875000e+03 1.489721679687500000e+03
1.768676513671875000e+03 1.489721679687500000e+03
2.156209716796875000e+03 6.614894409179687500e+02
1.524580688476562500e+03 5.531659545898437500e+02
1.452219848632812500e+03 8.124477539062500000e+02
1.279311279296875000e+03 1.112317382812500000e+03
2.162239013671875000e+03 6.821360473632812500e+02
2.162239013671875000e+03 6.821360473632812500e+02
2.638064208984375000e+03 6.257288818359375000e+02
3.345819091796875000e+02 7.151183471679687500e+02
1.762665161132812500e+03 4.782286987304687500e+02
1.552946166992187500e+03 5.664627075195312500e+02
1.929089843750000000e+03 3.718579406738281250e+02
1.759511962890625000e+03 5.046236877441406250e+02
1.727761474609375000e+03 1.197525024414062500e+03
1.759511962890625000e+03 5.046236877441406250e+02
1.728373168945312500e+03 4.758941345214843750e+02
1.294112915039062500e+03 6.843020629882812500e+02
1.753695190429687500e+03 5.308684692382812500e+02
1.550309204101562500e+03 5.377883911132812500e+02
2.173331787109375000e+03 5.069782409667968750e+02
1.749708984375000000e+03 4.631310119628906250e+02
1.375843261718750000e+03 1.200604980468750000e+03
2.173331787109375000e+03 5.069782409667968750e+02
1.131077194213867188e+02 7.099833374023437500e+02
1.746378295898437500e+03 4.676228637695312500e+02
1.745408447265625000e+03 4.732463073730468750e+02
2.196278320312500000e+03 6.762927246093750000e+02
2.195643554687500000e+03 7.030400390625000000e+02
1.518695678710937500e+03 5.528044433593750000e+02
1.314043334960937500e+03 1.203329467773437500e+03
1.520686035156250000e+03 5.903225097656250000e+02
1.893146850585937500e+03 1.364000976562500000e+03
2.053133300781250000e+03 1.035190673828125000e+03
1.292438964843750000e+03 1.133473266601562500e+03
1.572295654296875000e+03 6.433562622070312500e+02
1.715654296875000000e+03 4.816449890136718750e+02
1.193452636718750000e+03 7.223234252929687500e+02
