1.964270263671875000e+03 1.574375732421875000e+03
2.474225097656250000e+03 1.083359619140625000e+03
2.009101440429687500e+03 1.527426147460937500e+03
1.467825927734375000e+03 1.021294982910156250e+03
1.773055419921875000e+03 6.314310913085937500e+02
1.677653320312500000e+03 6.115153808593750000e+02
1.709500732421875000e+03 9.931001586914062500e+02
1.961037231445312500e+03 1.569168090820312500e+03
1.425007324218750000e+03 5.958461914062500000e+02
2.265564697265625000e+03 1.271586181640625000e+03
2.157003906250000000e+03 7.268608398437500000e+02
1.997220458984375000e+03 1.526632202148437500e+03
1.997220458984375000e+03 1.526632202148437500e+03
1.947998535156250000e+03 1.571965698242187500e+03
2.721468994140625000e+03 5.280763549804687500e+02
2.459613769531250000e+03 1.079794189453125000e+03
2.165880371093750000e+03 5.554169311523437500e+02
2.254193847656250000e+03 1.272084228515625000e+03
2.254193847656250000e+03 1.272084228515625000e+03
2.137160400390625000e+03 5.229968872070312500e+02
1.980545166015625000e+03 1.539724121093750000e+03
2.706164062500000000e+03 5.464702758789062500e+02
1.983978759765625000e+03 1.527619873046875000e+03
1.964892700195312500e+03 1.540682006835937500e+03
1.978594116210937500e+03 1.527293457031250000e+03
1.417035522460937500e+03 1.096906860351562500e+03
2.011918457031250000e+03 1.522249511718750000e+03
1.623991455078125000e+03 9.005326538085937500e+02
1.957231323242187500e+03 1.544143554687500000e+03
2.701925781250000000e+03 9.029892578125000000e+02
1.571521484375000000e+03 8.677783203125000000e+02
1.571521484375000000e+03 8.677783203125000000e+02
2.707817626953125000e+03 5.207966918945312500e+02
2.825020751953125000e+03 5.479473266601562500e+02
1.649231933593750000e+03 1.094135742187500000e+03
1.993516357421875000e+03 1.567630615234375000e+03
2.091233886718750000e+03 9.061429443359375000e+02
2.478732177734375000e+03 1.103577026367187500e+03
1.911555664062500000e+03 1.574190429687500000e+03
1.445214355468750000e+03 1.073470092773437500e+03
1.979303588867187500e+03 1.570458129882812500e+03
1.941401611328125000e+03 1.574423950195312500e+03
1.902239990234375000e+03 1.578538940429687500e+03
2.165104736328125000e+03 5.708151245117187500e+02
1.633614013671875000e+03 8.350251464843750000e+02
1.458044189453125000e+03 1.010177307128906250e+03
2.495476806640625000e+03 1.163169677734375000e+03
1.948702026367187500e+03 1.521875366210937500e+03
2.382147216796875000e+03 1.098041503906250000e+03
1.300002929687500000e+03 1.570732666015625000e+03
1.301668334960937500e+03 1.567667114257812500e+03
1.885982055664062500e+03 1.578622192382812500e+03
1.465403198242187500e+03 6.070358276367187500e+02
2.927636474609375000e+03 1.642233764648437500e+03
1.983681274414062500e+03 1.481350830078125000e+03
1.929711547851562500e+03 1.533940307617187500e+03
1.929711547851562500e+03 1.533940307617187500e+03
1.976479858398437500e+03 1.487627929687500000e+03
1.976479858398437500e+03 1.487627929687500000e+03
1.988236694335937500e+03 1.476412841796875000e+03
1.419232055664062500e+03 1.480331665039062500e+03
1.879561767578125000e+03 1.574801757812500000e+03
1.693052734375000000e+03 1.543796997070312500e+03
1.884256347656250000e+03 1.572406982421875000e+03
1.983833251953125000e+03 1.471298095703125000e+03
1.474683105468750000e+03 6.087454223632812500e+02
1.905451782226562500e+03 1.546318847656250000e+03
1.375315551757812500e+03 1.108824096679687500e+03
1.969788208007812500e+03 1.479981933593750000e+03
1.977202270507812500e+03 1.475433715820312500e+03
1.964427124023437500e+03 1.485625854492187500e+03
2.739714599609375000e+03 1.554809570312500000e+03
2.462060791015625000e+03 1.171197265625000000e+03
1.910646484375000000e+03 1.536783325195312500e+03
1.894069580078125000e+03 1.547037109375000000e+03
1.898009399414062500e+03 5.060510253906250000e+02
1.961482666015625000e+03 1.476905151367187500e+03
1.918212402343750000e+03 1.518948730468750000e+03
1.893086914062500000e+03 1.541547973632812500e+03
1.893086914062500000e+03 1.541547973632812500e+03
2.795653320312500000e+03 1.533819824218750000e+03
2.073547851562500000e+03 7.323420410156250000e+02
2.073547851562500000e+03 7.323420410156250000e+02
1.895699340820312500e+03 1.536423217773437500e+03
1.904359008789062500e+03 1.526614624023437500e+03
1.931721801757812500e+03 1.497720214843750000e+03
1.931721801757812500e+03 1.497720214843750000e+03
2.521567382812500000e+03 5.490899658203125000e+02
1.938484008789062500e+03 1.488257324218750000e+03
1.888639648437500000e+03 1.536564697265625000e+03
1.903597534179687500e+03 1.520875610351562500e+03
1.903597534179687500e+03 1.520875610351562500e+03
1.996515380859375000e+03 1.531811523437500000e+03
1.858228027343750000e+03 1.565498413085937500e+03
1.877914306640625000e+03 1.526881835937500000e+03
1.898012329101562500e+03 1.523806274414062500e+03
1.563811401367187500e+03 5.065668640136718750e+02
1.563811401367187500e+03 5.065668640136718750e+02
2.731086914062500000e+03 5.316945800781250000e+02
1.463176879882812500e+03 1.480239257812500000e+03
1.883223876953125000e+03 1.535257446289062500e+03
1.883223876953125000e+03 1.535257446289062500e+03
1.926018066406250000e+03 1.487870849609375000e+03
1.865932983398437500e+03 1.546779052734375000e+03
1.865932983398437500e+03 1.546779052734375000e+03
1.876145141601562500e+03 1.536594116210937500e+03
1.931068725585937500e+03 1.479802612304687500e+03
2.030931274414062500e+03 4.967242431640625000e+02
1.813910034179687500e+03 5.113238525390625000e+02
2.190145751953125000e+03 1.221033447265625000e+03
2.218262207031250000e+03 1.251600830078125000e+03
1.881944946289062500e+03 1.527068481445312500e+03
1.414954711914062500e+03 1.485982666015625000e+03
1.300732299804687500e+03 1.027427001953125000e+03
2.163019287109375000e+03 1.245198974609375000e+03
2.163019287109375000e+03 1.245198974609375000e+03
1.841140014648437500e+03 1.565568725585937500e+03
1.829575073242187500e+03 1.577241088867187500e+03
2.662862792968750000e+03 9.121025390625000000e+02
1.419232055664062500e+03 1.480331665039062500e+03
1.823524047851562500e+03 1.577479248046875000e+03
1.830068603515625000e+03 1.519850097656250000e+03
1.747876953125000000e+03 1.498422485351562500e+03
1.656663085937500000e+03 8.889617919921875000e+02
1.810930175781250000e+03 4.676389465332031250e+02
1.944842407226562500e+03 1.527293579101562500e+03
2.253968505859375000e+03 1.283904785156250000e+03
1.416981811523437500e+03 1.028360717773437500e+03
1.480280273437500000e+03 1.482801025390625000e+03
1.385208251953125000e+03 1.577890014648437500e+03
1.385208251953125000e+03 1.577890014648437500e+03
1.385179809570312500e+03 1.573594360351562500e+03
1.909327758789062500e+03 1.479016601562500000e+03
2.003528320312500000e+03 1.528544677734375000e+03
1.897985107421875000e+03 1.488665405273437500e+03
1.897985107421875000e+03 1.488665405273437500e+03
1.850937622070312500e+03 1.531307128906250000e+03
1.748545532226562500e+03 1.027640747070312500e+03
2.811647949218750000e+03 5.355227661132812500e+02
1.347286254882812500e+03 1.096058715820312500e+03
1.347286254882812500e+03 1.096058715820312500e+03
2.844624267578125000e+03 5.436411132812500000e+02
1.905091064453125000e+03 1.488605102539062500e+03
1.844170166015625000e+03 1.534100097656250000e+03
1.829014160156250000e+03 1.546134033203125000e+03
1.876360107421875000e+03 1.496438110351562500e+03
1.876360107421875000e+03 1.496438110351562500e+03
1.839926879882812500e+03 1.528962646484375000e+03
2.150723144531250000e+03 1.215133666992187500e+03
1.826828247070312500e+03 1.539634033203125000e+03
1.527864501953125000e+03 5.873359375000000000e+02
2.002662597656250000e+03 1.577886840820312500e+03
1.833843139648437500e+03 1.531311523437500000e+03
1.432276489257812500e+03 9.994653930664062500e+02
2.591440917968750000e+03 5.476405639648437500e+02
1.672341430664062500e+03 9.078132934570312500e+02
1.821979248046875000e+03 1.539256713867187500e+03
2.156922119140625000e+03 5.554638671875000000e+02
2.219486572265625000e+03 7.561207275390625000e+02
1.822991943359375000e+03 1.531718872070312500e+03
1.562569335937500000e+03 9.156213989257812500e+02
1.826544311523437500e+03 1.524988525390625000e+03
1.826544311523437500e+03 1.524988525390625000e+03
2.190145751953125000e+03 1.221033447265625000e+03
1.490137573242187500e+03 5.576892700195312500e+02
1.822005126953125000e+03 1.524620117187500000e+03
1.351905029296875000e+03 1.103223144531250000e+03
2.143703125000000000e+03 6.913997192382812500e+02
1.884218505859375000e+03 5.582109375000000000e+02
2.002003784179687500e+03 1.569132202148437500e+03
2.121181152343750000e+03 5.484887695312500000e+02
1.834655639648437500e+03 1.499056274414062500e+03
1.834655639648437500e+03 1.499056274414062500e+03
2.143476562500000000e+03 1.160979370117187500e+03
2.103026367187500000e+03 1.219936767578125000e+03
1.832906616210937500e+03 1.489782104492187500e+03
1.832906616210937500e+03 1.489782104492187500e+03
2.844624267578125000e+03 5.436411132812500000e+02
2.444631347656250000e+03 1.194207153320312500e+03
2.740823730468750000e+03 5.482581787109375000e+02
1.860859252929687500e+03 5.082949829101562500e+02
1.341007934570312500e+03 1.484772827148437500e+03
1.911718627929687500e+03 5.502326049804687500e+02
1.745047241210937500e+03 1.574566040039062500e+03
1.660884643554687500e+03 1.572410888671875000e+03
1.745047241210937500e+03 1.574566040039062500e+03
2.184071044921875000e+03 1.117606689453125000e+03
2.209366943359375000e+03 1.098162597656250000e+03
1.623991455078125000e+03 9.005326538085937500e+02
2.159018066406250000e+03 1.131180175781250000e+03
1.838449707031250000e+03 1.568076293945312500e+03
2.515157470703125000e+03 9.661139526367187500e+02
1.928899291992187500e+03 5.483991699218750000e+02
1.928899291992187500e+03 5.483991699218750000e+02
1.749154663085937500e+03 1.550042724609375000e+03
1.823960571289062500e+03 1.472446166992187500e+03
1.823960571289062500e+03 1.472446166992187500e+03
1.335133789062500000e+03 1.486051513671875000e+03
1.941401611328125000e+03 1.574423950195312500e+03
1.721720581054687500e+03 1.577793090820312500e+03
1.918921264648437500e+03 1.035050781250000000e+03
1.736112915039062500e+03 1.550593627929687500e+03
2.815003906250000000e+03 1.531947875976562500e+03
1.929358032226562500e+03 1.573631225585937500e+03
1.741718017578125000e+03 1.542662597656250000e+03
1.862027954101562500e+03 5.499241943359375000e+02
1.332775024414062500e+03 1.108710449218750000e+03
2.699063720703125000e+03 5.419411010742187500e+02
1.602767333984375000e+03 1.573468505859375000e+03
1.521442138671875000e+03 5.844197998046875000e+02
2.788880371093750000e+03 1.570804687500000000e+03
1.338096069335937500e+03 1.003433288574218750e+03
1.742438476562500000e+03 1.527143310546875000e+03
1.660884643554687500e+03 1.572410888671875000e+03
1.694949829101562500e+03 1.577479125976562500e+03
1.169651489257812500e+03 1.619792602539062500e+03
1.733890136718750000e+03 1.027409790039062500e+03
2.788197998046875000e+03 1.538775390625000000e+03
2.473919433593750000e+03 1.137976318359375000e+03
1.736230590820312500e+03 1.527227905273437500e+03
1.709231201171875000e+03 1.550711791992187500e+03
2.461230712890625000e+03 1.178915283203125000e+03
1.740247680664062500e+03 1.511964965820312500e+03
1.654548950195312500e+03 1.571039672851562500e+03
1.713694824218750000e+03 1.536931396484375000e+03
1.713694824218750000e+03 1.536931396484375000e+03
1.747876953125000000e+03 1.498422485351562500e+03
1.446424316406250000e+03 1.515666503906250000e+03
1.316015747070312500e+03 5.544514770507812500e+02
2.696419189453125000e+03 5.346443481445312500e+02
2.696419189453125000e+03 5.346443481445312500e+02
1.675353515625000000e+03 1.572212890625000000e+03
1.725980712890625000e+03 1.518962524414062500e+03
2.078367431640625000e+03 1.149642456054687500e+03
1.404992797851562500e+03 9.978020629882812500e+02
1.386348144531250000e+03 1.028303466796875000e+03
1.719879760742187500e+03 1.524045776367187500e+03
2.008322998046875000e+03 8.307890625000000000e+02
1.749476440429687500e+03 1.487454467773437500e+03
1.749476440429687500e+03 1.487454467773437500e+03
1.546963378906250000e+03 5.891776733398437500e+02
1.295563842773437500e+03 1.580322265625000000e+03
1.736575927734375000e+03 1.497120605468750000e+03
2.605523193359375000e+03 5.469451904296875000e+02
1.877046630859375000e+03 5.055663146972656250e+02
1.877046630859375000e+03 5.055663146972656250e+02
1.710721923828125000e+03 1.520169799804687500e+03
1.746488647460937500e+03 1.478113281250000000e+03
1.746488647460937500e+03 1.478113281250000000e+03
1.735299438476562500e+03 1.565894775390625000e+03
1.695301025390625000e+03 1.526367187500000000e+03
2.693445312500000000e+03 5.273430786132812500e+02
1.709593994140625000e+03 1.502078002929687500e+03
1.503033325195312500e+03 1.085900512695312500e+03
2.435137451171875000e+03 1.184184204101562500e+03
1.816507690429687500e+03 5.535526733398437500e+02
1.391802490234375000e+03 1.574606445312500000e+03
1.458044189453125000e+03 1.010177307128906250e+03
1.626891967773437500e+03 1.578206909179687500e+03
1.386973266601562500e+03 1.494310668945312500e+03
1.699045166015625000e+03 1.494930664062500000e+03
1.626939697265625000e+03 1.566925292968750000e+03
1.411731201171875000e+03 1.573563964843750000e+03
1.620282958984375000e+03 1.572004028320312500e+03
1.710435913085937500e+03 1.472413818359375000e+03
1.937697875976562500e+03 1.582137573242187500e+03
1.641698242187500000e+03 1.547957763671875000e+03
1.843775512695312500e+03 1.572345336914062500e+03
1.607409179687500000e+03 1.578421997070312500e+03
2.478732177734375000e+03 1.103577026367187500e+03
1.631050170898437500e+03 1.544068603515625000e+03
1.647947509765625000e+03 1.526627319335937500e+03
1.647947509765625000e+03 1.526627319335937500e+03
1.299283569335937500e+03 9.570670166015625000e+02
1.708309082031250000e+03 1.003988098144531250e+03
1.583445434570312500e+03 1.091991088867187500e+03
1.593217773437500000e+03 1.576179565429687500e+03
2.507190917968750000e+03 1.129331298828125000e+03
1.312775512695312500e+03 1.483480712890625000e+03
1.611760742187500000e+03 1.549198730468750000e+03
1.806271484375000000e+03 8.354750366210937500e+02
1.943873046875000000e+03 1.063422363281250000e+03
2.472636962890625000e+03 1.107991943359375000e+03
1.805036132812500000e+03 9.086029663085937500e+02
1.476099365234375000e+03 9.979169921875000000e+02
1.476099365234375000e+03 9.979169921875000000e+02
1.627723144531250000e+03 1.524848632812500000e+03
1.388666870117187500e+03 5.873723144531250000e+02
2.008141113281250000e+03 1.570723876953125000e+03
1.575635986328125000e+03 1.578340942382812500e+03
1.656272827148437500e+03 1.490886230468750000e+03
1.667341064453125000e+03 1.475434814453125000e+03
1.667341064453125000e+03 1.475434814453125000e+03
1.576074462890625000e+03 1.572415771484375000e+03
1.576074462890625000e+03 1.572415771484375000e+03
1.569332031250000000e+03 1.579460571289062500e+03
1.569332031250000000e+03 1.579460571289062500e+03
1.727706787109375000e+03 1.488484863281250000e+03
2.014840332031250000e+03 1.527730102539062500e+03
1.588034790039062500e+03 1.531549072265625000e+03
2.528192871093750000e+03 5.385908203125000000e+02
2.528192871093750000e+03 5.385908203125000000e+02
1.567858520507812500e+03 1.573475952148437500e+03
1.886052490234375000e+03 1.565670166015625000e+03
1.675689697265625000e+03 5.978239135742187500e+02
1.675689697265625000e+03 5.978239135742187500e+02
2.011456909179687500e+03 5.002078857421875000e+02
2.011456909179687500e+03 5.002078857421875000e+02
1.296086181640625000e+03 1.570658325195312500e+03
1.319541870117187500e+03 1.079469604492187500e+03
1.660158935546875000e+03 9.146511230468750000e+02
2.657362060546875000e+03 9.940170898437500000e+02
2.266571777343750000e+03 1.108940551757812500e+03
1.475039672851562500e+03 8.693719482421875000e+02
2.739714599609375000e+03 1.554809570312500000e+03
1.340328613281250000e+03 6.680658569335937500e+02
1.750195434570312500e+03 1.108764648437500000e+03
1.588034790039062500e+03 1.531549072265625000e+03
1.749480590820312500e+03 1.013057556152343750e+03
1.611574096679687500e+03 1.490689819335937500e+03
2.600906494140625000e+03 9.392591552734375000e+02
2.459755615234375000e+03 9.898980712890625000e+02
2.162420410156250000e+03 8.773428955078125000e+02
1.623757934570312500e+03 1.576817749023437500e+03
1.840800048828125000e+03 6.276179809570312500e+02
1.813910034179687500e+03 5.113238525390625000e+02
1.623757934570312500e+03 1.576817749023437500e+03
1.674286010742187500e+03 5.913322753906250000e+02
1.672341430664062500e+03 9.078132934570312500e+02
1.805036132812500000e+03 9.086029663085937500e+02
2.476190673828125000e+03 1.129474365234375000e+03
1.823352539062500000e+03 1.518525512695312500e+03
1.968652587890625000e+03 1.545490478515625000e+03
1.589487426757812500e+03 1.016599304199218750e+03
1.937520751953125000e+03 1.530152099609375000e+03
1.937520751953125000e+03 1.530152099609375000e+03
1.570929687500000000e+03 1.490057495117187500e+03
1.570929687500000000e+03 1.490057495117187500e+03
2.156604003906250000e+03 8.313286132812500000e+02
1.884625244140625000e+03 5.558137207031250000e+02
1.574553222656250000e+03 1.478830078125000000e+03
1.483829833984375000e+03 1.570922973632812500e+03
1.563200927734375000e+03 8.387937622070312500e+02
1.479659423828125000e+03 1.574059204101562500e+03
1.473107910156250000e+03 1.572859619140625000e+03
1.470950073242187500e+03 4.973605651855468750e+02
1.466768676757812500e+03 1.572532348632812500e+03
1.677628540039062500e+03 4.932004089355468750e+02
1.478445068359375000e+03 1.545439941406250000e+03
1.362582885742187500e+03 9.986286010742187500e+02
2.495476806640625000e+03 1.163169677734375000e+03
1.648427246093750000e+03 1.475927490234375000e+03
1.698827880859375000e+03 1.575227783203125000e+03
1.440381591796875000e+03 8.999699707031250000e+02
1.446457763671875000e+03 1.572641479492187500e+03
1.439528198242187500e+03 1.572282470703125000e+03
1.300595581054687500e+03 1.079837036132812500e+03
1.300595581054687500e+03 1.079837036132812500e+03
1.976777954101562500e+03 1.574169189453125000e+03
1.458205810546875000e+03 9.994201049804687500e+02
1.614138671875000000e+03 1.000170288085937500e+03
2.611407470703125000e+03 9.690283203125000000e+02
2.669368164062500000e+03 9.712957763671875000e+02
1.432163696289062500e+03 1.567097045898437500e+03
1.432163696289062500e+03 1.567097045898437500e+03
2.144559570312500000e+03 8.961422119140625000e+02
1.672046020507812500e+03 1.028100341796875000e+03
1.304369506835937500e+03 5.616696166992187500e+02
2.662862792968750000e+03 9.121025390625000000e+02
1.304369506835937500e+03 5.616696166992187500e+02
1.961705932617187500e+03 1.577796997070312500e+03
1.998832519531250000e+03 1.573946044921875000e+03
1.854528808593750000e+03 1.545868164062500000e+03
1.442184814453125000e+03 1.545721923828125000e+03
1.546796386718750000e+03 1.109430664062500000e+03
1.546796386718750000e+03 1.109430664062500000e+03
1.421150878906250000e+03 1.567430664062500000e+03
1.893576171875000000e+03 9.176268310546875000e+02
1.411814208984375000e+03 1.577698364257812500e+03
1.411814208984375000e+03 1.577698364257812500e+03
1.841107299804687500e+03 1.571097778320312500e+03
1.408623046875000000e+03 1.579266967773437500e+03
1.311219604492187500e+03 5.831442871093750000e+02
1.319541870117187500e+03 1.079469604492187500e+03
1.414883056640625000e+03 1.567136596679687500e+03
1.700955078125000000e+03 1.571645629882812500e+03
1.402153442382812500e+03 1.578550903320312500e+03
1.669463012695312500e+03 1.578036132812500000e+03
1.646754394531250000e+03 5.974290161132812500e+02
2.442559814453125000e+03 1.160692260742187500e+03
1.332484619140625000e+03 1.026443969726562500e+03
2.444631347656250000e+03 1.194207153320312500e+03
1.978915893554687500e+03 1.546578979492187500e+03
2.029114624023437500e+03 8.483730468750000000e+02
2.783933105468750000e+03 1.531441772460937500e+03
1.615067260742187500e+03 1.570386596679687500e+03
1.532145507812500000e+03 6.097325439453125000e+02
1.482906982421875000e+03 1.478903198242187500e+03
1.398744262695312500e+03 1.575449462890625000e+03
1.851116455078125000e+03 1.541296752929687500e+03
1.349888549804687500e+03 9.977647094726562500e+02
1.349888549804687500e+03 9.977647094726562500e+02
1.674507690429687500e+03 6.049059448242187500e+02
1.816748901367187500e+03 5.631443481445312500e+02
1.909542602539062500e+03 1.024595092773437500e+03
1.409946533203125000e+03 9.147651977539062500e+02
1.992379882812500000e+03 8.918343505859375000e+02
2.446526367187500000e+03 1.187299194335937500e+03
2.104779785156250000e+03 8.939938964843750000e+02
1.641587524414062500e+03 5.864138183593750000e+02
1.446424316406250000e+03 1.515666503906250000e+03
1.476206909179687500e+03 1.479959960937500000e+03
1.387395751953125000e+03 1.580488647460937500e+03
2.441042968750000000e+03 1.190876464843750000e+03
1.340328613281250000e+03 6.680658569335937500e+02
1.348588989257812500e+03 5.839647216796875000e+02
1.452733642578125000e+03 1.494497680664062500e+03
1.463176879882812500e+03 1.480239257812500000e+03
1.929358032226562500e+03 1.573631225585937500e+03
1.988328491210937500e+03 8.457830200195312500e+02
1.350741577148437500e+03 5.920157470703125000e+02
1.350741577148437500e+03 5.920157470703125000e+02
1.379475952148437500e+03 1.570889160156250000e+03
2.826402343750000000e+03 5.285045166015625000e+02
1.551309204101562500e+03 5.970552368164062500e+02
1.399639648437500000e+03 5.372443847656250000e+02
1.300561035156250000e+03 6.076086425781250000e+02
1.399639648437500000e+03 5.372443847656250000e+02
1.372052490234375000e+03 1.475890869140625000e+03
1.733902099609375000e+03 1.000216857910156250e+03
1.710435913085937500e+03 1.472413818359375000e+03
2.009752075195312500e+03 1.484635009765625000e+03
1.453320312500000000e+03 1.481049072265625000e+03
1.853475830078125000e+03 5.062031860351562500e+02
2.139446777343750000e+03 8.914927978515625000e+02
2.131395507812500000e+03 6.829404907226562500e+02
1.365679443359375000e+03 5.950909423828125000e+02
1.901839843750000000e+03 1.572437866210937500e+03
1.168778930664062500e+03 1.621305664062500000e+03
1.169651489257812500e+03 1.619792602539062500e+03
1.590324951171875000e+03 6.040646362304687500e+02
1.765511108398437500e+03 5.559753417968750000e+02
1.740615478515625000e+03 6.525727539062500000e+02
1.366760498046875000e+03 6.088679199218750000e+02
1.449755737304687500e+03 1.575666381835937500e+03
1.310261962890625000e+03 9.975632324218750000e+02
1.632771118164062500e+03 5.853747558593750000e+02
2.497275634765625000e+03 5.473305664062500000e+02
1.790137207031250000e+03 5.511734619140625000e+02
1.333086791992187500e+03 9.987210083007812500e+02
1.732386718750000000e+03 1.568636108398437500e+03
1.378370849609375000e+03 1.549587036132812500e+03
1.378370849609375000e+03 1.549587036132812500e+03
1.756235961914062500e+03 1.108631469726562500e+03
1.871265258789062500e+03 1.569216918945312500e+03
1.865016723632812500e+03 1.480792358398437500e+03
1.571531127929687500e+03 1.097598876953125000e+03
1.453183959960937500e+03 1.578291992187500000e+03
1.631663085937500000e+03 1.028720336914062500e+03
1.631663085937500000e+03 1.028720336914062500e+03
1.392171508789062500e+03 9.068020019531250000e+02
2.624580322265625000e+03 9.802807617187500000e+02
1.395054443359375000e+03 1.520831298828125000e+03
1.399183349609375000e+03 6.016016845703125000e+02
1.566863037109375000e+03 6.041274414062500000e+02
1.762372314453125000e+03 1.091235473632812500e+03
1.676992431640625000e+03 5.851008911132812500e+02
1.716420898437500000e+03 1.072945800781250000e+03
1.897786621093750000e+03 1.541647216796875000e+03
1.998832519531250000e+03 1.573946044921875000e+03
1.644200561523437500e+03 1.018022460937500000e+03
1.546963378906250000e+03 5.891776733398437500e+02
1.870447631835937500e+03 1.486414916992187500e+03
1.870447631835937500e+03 1.486414916992187500e+03
1.758271606445312500e+03 1.086254394531250000e+03
1.325614868164062500e+03 1.576604614257812500e+03
6.393767089843750000e+02 1.612968139648437500e+03
1.339394531250000000e+03 1.575833984375000000e+03
1.329356323242187500e+03 1.572871582031250000e+03
1.470524658203125000e+03 6.039204101562500000e+02
1.470524658203125000e+03 6.039204101562500000e+02
1.579563110351562500e+03 1.104932983398437500e+03
1.579563110351562500e+03 1.104932983398437500e+03
1.426008666992187500e+03 5.879151611328125000e+02
1.414954711914062500e+03 1.485982666015625000e+03
1.973108154296875000e+03 1.528677856445312500e+03
1.358923583984375000e+03 1.548188110351562500e+03
2.139446777343750000e+03 8.914927978515625000e+02
1.973108154296875000e+03 1.528677856445312500e+03
1.465082275390625000e+03 5.421383056640625000e+02
1.465082275390625000e+03 5.421383056640625000e+02
2.459194091796875000e+03 1.142736206054687500e+03
1.335856811523437500e+03 1.572949951171875000e+03
2.499050292968750000e+03 1.119282348632812500e+03
1.409569702148437500e+03 1.481012573242187500e+03
1.582630859375000000e+03 6.041768798828125000e+02
1.900201049804687500e+03 1.532660766601562500e+03
1.355579345703125000e+03 4.965124206542968750e+02
1.374691162109375000e+03 1.521597412109375000e+03
1.806271484375000000e+03 8.354750366210937500e+02
1.452179687500000000e+03 1.078645751953125000e+03
2.487248046875000000e+03 5.489879150390625000e+02
1.452179687500000000e+03 1.078645751953125000e+03
2.605656250000000000e+03 5.466270141601562500e+02
1.441305053710937500e+03 5.900808105468750000e+02
1.582340087890625000e+03 9.979426879882812500e+02
1.423696411132812500e+03 1.115990112304687500e+03
1.849741821289062500e+03 1.574245849609375000e+03
2.453313720703125000e+03 1.070037841796875000e+03
1.342460693359375000e+03 1.572959594726562500e+03
1.613161254882812500e+03 8.651584472656250000e+02
1.613161254882812500e+03 8.651584472656250000e+02
1.386663330078125000e+03 6.087809448242187500e+02
2.186018066406250000e+03 5.630075683593750000e+02
1.750192382812500000e+03 1.093828247070312500e+03
1.348074951171875000e+03 1.542193115234375000e+03
1.750192382812500000e+03 1.093828247070312500e+03
1.348074951171875000e+03 1.542193115234375000e+03
1.445214355468750000e+03 1.073470092773437500e+03
1.340537963867187500e+03 1.550135986328125000e+03
2.530302001953125000e+03 5.476123657226562500e+02
1.446228149414062500e+03 1.573024536132812500e+03
1.392968872070312500e+03 1.487731201171875000e+03
1.392968872070312500e+03 1.487731201171875000e+03
1.380809448242187500e+03 5.975036010742187500e+02
2.169244873046875000e+03 5.700114746093750000e+02
1.891720947265625000e+03 9.170441894531250000e+02
1.891720947265625000e+03 9.170441894531250000e+02
1.399411254882812500e+03 5.193684692382812500e+02
1.590071777343750000e+03 5.970817260742187500e+02
2.182293701171875000e+03 5.453580322265625000e+02
1.837537719726562500e+03 1.526535034179687500e+03
2.162143554687500000e+03 5.656831054687500000e+02
1.843767578125000000e+03 4.856492004394531250e+02
1.386863891601562500e+03 1.481769409179687500e+03
2.184928222656250000e+03 5.579891357421875000e+02
1.860695922851562500e+03 5.002740478515625000e+02
1.780386596679687500e+03 8.902565307617187500e+02
1.332487548828125000e+03 1.542621093750000000e+03
2.826187744140625000e+03 1.533707153320312500e+03
1.763158691406250000e+03 9.080447998046875000e+02
1.763158691406250000e+03 9.080447998046875000e+02
1.298437988281250000e+03 1.473367187500000000e+03
1.298437988281250000e+03 1.473367187500000000e+03
1.474518066406250000e+03 5.843706665039062500e+02
1.716274780273437500e+03 1.085422851562500000e+03
2.153129150390625000e+03 5.663393554687500000e+02
1.405852050781250000e+03 6.086299438476562500e+02
2.561360351562500000e+03 5.288205566406250000e+02
1.697444824218750000e+03 1.108281250000000000e+03
1.304035156250000000e+03 1.571911132812500000e+03
1.584438354492187500e+03 5.972344360351562500e+02
1.304035156250000000e+03 1.571911132812500000e+03
1.779696777343750000e+03 8.871593627929687500e+02
1.302010864257812500e+03 1.575413085937500000e+03
2.615147705078125000e+03 5.263285522460937500e+02
1.706713134765625000e+03 1.095055908203125000e+03
1.476958007812500000e+03 1.570907226562500000e+03
1.706713134765625000e+03 1.095055908203125000e+03
2.181510742187500000e+03 5.283488159179687500e+02
1.345371948242187500e+03 1.522054565429687500e+03
1.345371948242187500e+03 1.522054565429687500e+03
1.701215576171875000e+03 1.021266845703125000e+03
2.166890380859375000e+03 5.438126831054687500e+02
1.576660156250000000e+03 6.008012695312500000e+02
2.833390869140625000e+03 1.529649291992187500e+03
1.442258422851562500e+03 1.481284545898437500e+03
1.642737182617187500e+03 1.109797729492187500e+03
1.678247680664062500e+03 1.010404541015625000e+03
1.488609497070312500e+03 1.108242431640625000e+03
2.167265869140625000e+03 5.372532348632812500e+02
1.705592651367187500e+03 1.085077514648437500e+03
1.974489501953125000e+03 1.480235961914062500e+03
1.296086181640625000e+03 1.570658325195312500e+03
2.147856201171875000e+03 5.574271850585937500e+02
1.491830688476562500e+03 5.898025512695312500e+02
1.321656982421875000e+03 1.540563354492187500e+03
1.640958984375000000e+03 1.120801635742187500e+03
1.376028564453125000e+03 1.567498291015625000e+03
1.697613647460937500e+03 1.085381591796875000e+03
1.702859252929687500e+03 1.477369140625000000e+03
1.306536254882812500e+03 1.010905883789062500e+03
1.703869628906250000e+03 1.079062988281250000e+03
1.349488891601562500e+03 1.573191772460937500e+03
1.689225585937500000e+03 1.094098144531250000e+03
1.301718994140625000e+03 1.094053588867187500e+03
2.154168945312500000e+03 5.392427978515625000e+02
2.120898193359375000e+03 5.680517578125000000e+02
1.493198730468750000e+03 5.962105712890625000e+02
1.306019775390625000e+03 1.477141113281250000e+03
1.312663696289062500e+03 1.540966552734375000e+03
1.691284423828125000e+03 1.084985229492187500e+03
1.319406616210937500e+03 1.530086914062500000e+03
1.821105712890625000e+03 8.622285156250000000e+02
1.353744995117187500e+03 8.903188476562500000e+02
1.407500976562500000e+03 8.224168090820312500e+02
1.892507446289062500e+03 1.531910034179687500e+03
1.407500976562500000e+03 8.224168090820312500e+02
1.658357421875000000e+03 9.157360839843750000e+02
2.120368408203125000e+03 5.113087158203125000e+02
1.299109863281250000e+03 1.550257690429687500e+03
1.312543212890625000e+03 1.534299316406250000e+03
1.312543212890625000e+03 1.534299316406250000e+03
1.686826049804687500e+03 1.085837402343750000e+03
1.741041137695312500e+03 1.021429931640625000e+03
2.141463134765625000e+03 8.935134277343750000e+02
2.029114624023437500e+03 8.483730468750000000e+02
2.134456787109375000e+03 5.477277832031250000e+02
2.134456787109375000e+03 5.477277832031250000e+02
1.656078125000000000e+03 1.086053833007812500e+03
1.990515869140625000e+03 1.565692993164062500e+03
1.688253784179687500e+03 1.078508789062500000e+03
2.014354858398437500e+03 1.570423706054687500e+03
2.014354858398437500e+03 1.570423706054687500e+03
1.960482910156250000e+03 1.527363037109375000e+03
1.306158203125000000e+03 1.529993652343750000e+03
1.347744506835937500e+03 1.109476318359375000e+03
1.405852050781250000e+03 6.086299438476562500e+02
1.622007690429687500e+03 6.105592041015625000e+02
1.309902221679687500e+03 1.094050048828125000e+03
1.347744506835937500e+03 1.109476318359375000e+03
1.670270996093750000e+03 4.997535705566406250e+02
1.570394653320312500e+03 1.108531982421875000e+03
1.341007934570312500e+03 1.484772827148437500e+03
1.570394653320312500e+03 1.108531982421875000e+03
2.121181152343750000e+03 5.484887695312500000e+02
1.578801635742187500e+03 4.920025024414062500e+02
1.585357666015625000e+03 4.950319213867187500e+02
1.676508544921875000e+03 1.079278808593750000e+03
1.681270141601562500e+03 1.072905639648437500e+03
1.305899658203125000e+03 1.490551391601562500e+03
1.305899658203125000e+03 1.490551391601562500e+03
1.660762207031250000e+03 1.576786254882812500e+03
1.947206298828125000e+03 5.481776733398437500e+02
1.701179931640625000e+03 1.012387145996093750e+03
1.528819335937500000e+03 5.920853271484375000e+02
1.300156372070312500e+03 9.139089355468750000e+02
1.300156372070312500e+03 9.139089355468750000e+02
2.129746337890625000e+03 6.804063110351562500e+02
2.118873779296875000e+03 5.413812866210937500e+02
1.657231933593750000e+03 1.097393310546875000e+03
2.120368408203125000e+03 5.113087158203125000e+02
2.152697509765625000e+03 5.520044555664062500e+02
2.096378662109375000e+03 6.480435791015625000e+02
1.598722778320312500e+03 5.263509521484375000e+02
1.709507446289062500e+03 1.016773071289062500e+03
1.882586181640625000e+03 5.543352050781250000e+02
2.165690673828125000e+03 5.607944335937500000e+02
1.774706054687500000e+03 9.147253417968750000e+02
1.385179809570312500e+03 1.573594360351562500e+03
1.669225952148437500e+03 1.073944580078125000e+03
2.126812744140625000e+03 6.530201416015625000e+02
1.922499755859375000e+03 5.075049438476562500e+02
1.758746704101562500e+03 5.544592895507812500e+02
1.758746704101562500e+03 5.544592895507812500e+02
1.323676269531250000e+03 1.487481567382812500e+03
1.326218994140625000e+03 1.479978149414062500e+03
1.313915039062500000e+03 1.494918334960937500e+03
1.914022094726562500e+03 1.029658813476562500e+03
1.914022094726562500e+03 1.029658813476562500e+03
2.591440917968750000e+03 5.476405639648437500e+02
2.115138671875000000e+03 5.627356567382812500e+02
2.130168457031250000e+03 5.395440063476562500e+02
2.442559814453125000e+03 1.160692260742187500e+03
2.154671630859375000e+03 5.102676086425781250e+02
1.745299316406250000e+03 4.692405700683593750e+02
1.947968505859375000e+03 5.333421020507812500e+02
2.001778076171875000e+03 5.013037414550781250e+02
1.947968505859375000e+03 5.333421020507812500e+02
1.536163940429687500e+03 5.250740966796875000e+02
2.168038818359375000e+03 1.123135375976562500e+03
2.168038818359375000e+03 1.123135375976562500e+03
1.884626831054687500e+03 5.615094604492187500e+02
2.168401611328125000e+03 5.264129638671875000e+02
1.747556518554687500e+03 5.578245849609375000e+02
2.472109619140625000e+03 1.181869995117187500e+03
2.012179199218750000e+03 1.522511108398437500e+03
1.569817016601562500e+03 5.132113037109375000e+02
1.569817016601562500e+03 5.132113037109375000e+02
2.193335449218750000e+03 1.347274047851562500e+03
2.551160400390625000e+03 9.610987548828125000e+02
2.222947021484375000e+03 1.401372680664062500e+03
2.815003906250000000e+03 1.531947875976562500e+03
2.132296386718750000e+03 5.277409057617187500e+02
2.187316894531250000e+03 5.552136230468750000e+02
1.476958007812500000e+03 1.570907226562500000e+03
2.134206054687500000e+03 1.196745727539062500e+03
2.118529541015625000e+03 1.138296508789062500e+03
2.737031005859375000e+03 1.048947875976562500e+03
1.401616577148437500e+03 1.543335449218750000e+03
1.794958862304687500e+03 4.861894531250000000e+02
2.529318603515625000e+03 1.151733520507812500e+03
2.173669189453125000e+03 1.202620239257812500e+03
2.591440917968750000e+03 5.476405639648437500e+02
2.131310302734375000e+03 1.132404663085937500e+03
1.967387695312500000e+03 5.899097290039062500e+02
1.617947265625000000e+03 8.798480224609375000e+02
2.601266113281250000e+03 8.929302368164062500e+02
5.718511962890625000e+02 1.624156005859375000e+03
5.718511962890625000e+02 1.624156005859375000e+03
1.380714233398437500e+03 6.071064453125000000e+02
2.443039306640625000e+03 1.118984741210937500e+03
2.127321533203125000e+03 6.070567016601562500e+02
4.941408996582031250e+02 1.598574829101562500e+03
2.323298583984375000e+03 1.166966064453125000e+03
1.737090820312500000e+03 1.097487670898437500e+03
1.759273071289062500e+03 5.120667724609375000e+02
2.131310302734375000e+03 1.132404663085937500e+03
2.167030761718750000e+03 1.232021972656250000e+03
1.939571411132812500e+03 4.998145751953125000e+02
2.277315917968750000e+03 1.270882690429687500e+03
2.591537597656250000e+03 5.154842529296875000e+02
1.882529174804687500e+03 5.586508178710937500e+02
1.850587280273437500e+03 5.503917846679687500e+02
1.987790039062500000e+03 5.318986206054687500e+02
1.359250366210937500e+03 5.831877441406250000e+02
2.581439208984375000e+03 9.487237548828125000e+02
2.220788574218750000e+03 1.291103271484375000e+03
1.753134887695312500e+03 5.544606323242187500e+02
2.108003173828125000e+03 8.910640258789062500e+02
7.709843750000000000e+02 1.634359375000000000e+03
2.233280029296875000e+03 1.212826660156250000e+03
2.233280029296875000e+03 1.212826660156250000e+03
2.161668701171875000e+03 5.257966918945312500e+02
1.645735107421875000e+03 1.574804077148437500e+03
2.171804443359375000e+03 5.757315673828125000e+02
1.784838745117187500e+03 6.791469116210937500e+02
1.895851806640625000e+03 5.600828247070312500e+02
3.717696044921875000e+03 1.625442626953125000e+03
1.701179931640625000e+03 1.012387145996093750e+03
1.743107910156250000e+03 5.208870849609375000e+02
2.165416015625000000e+03 5.508845214843750000e+02
2.443039306640625000e+03 1.118984741210937500e+03
1.820773803710937500e+03 8.899728393554687500e+02
1.870653686523437500e+03 5.494802246093750000e+02
1.960274414062500000e+03 5.548385009765625000e+02
2.182758789062500000e+03 5.373338623046875000e+02
1.805739868164062500e+03 5.598380126953125000e+02
1.960274414062500000e+03 5.548385009765625000e+02
2.162081542968750000e+03 5.330377197265625000e+02
2.132356933593750000e+03 6.856403198242187500e+02
2.165416015625000000e+03 5.508845214843750000e+02
2.158947509765625000e+03 1.209988891601562500e+03
2.572183105468750000e+03 9.513380126953125000e+02
1.108079711914062500e+03 1.613244384765625000e+03
1.800384277343750000e+03 5.119635620117187500e+02
1.766327636718750000e+03 6.281271972656250000e+02
2.184071044921875000e+03 1.117606689453125000e+03
1.689225585937500000e+03 1.094098144531250000e+03
1.887730957031250000e+03 5.035189819335937500e+02
1.783061645507812500e+03 6.903622436523437500e+02
2.125264648437500000e+03 5.427992553710937500e+02
2.139746582031250000e+03 5.459201660156250000e+02
